9650	43881	74550	74552	83155	90380	96158	108194	127568	134221	134224	134225	134228	144191	144193	157624	172367	172369	179921	179922	199097	199099	203703	247058	247059	252788	270306	534623	538287	538480	538974	541418	542184	542321	542446	542683	542902	543056	543105	543161	543162	543173	543247	543343	543720	543789	543860	543872	543873	543874	543875	543899
448	2117	28123	44008	52713	55701	56684	75848	80796	81042	104366	114138	121361	130042	131874	154321	155025	158327	168181	170021	203546	260305	271148	321910	333085	334420	334588	338300	338709	347419	362528	366149	389968	392186	396362	410087	449691	455467	467401	471848	475036	485055	488416	491851	519832	520877	525658	529820	544416	547506
132	2753	9645	10492	26999	45338	49948	67768	69324	91930	107687	114810	123451	136947	143715	150450	178427	187128	206097	223528	224509	283685	287924	298937	308657	317267	317693	325902	331669	332167	333849	335782	340592	341742	344923	355913	356166	358800	380726	407613	426678	450384	452522	467165	489563	494670	505753	516221	536330	540235
3833	4829	6579	23465	26373	28053	33812	49761	56052	71736	73400	74439	76881	98269	98332	99373	101019	105619	107972	121270	122915	127345	131182	131211	184458	188073	189959	195210	215955	217230	223061	228831	306781	311872	327818	328468	333916	335763	343242	349055	381003	396649	400523	403255	412670	420427	432937	434966	452884	472722	494481	504305	511237	519013	520121	536830
4146	21483	25701	33803	35571	42149	49035	51773	51935	53222	63874	66787	78553	83969	102775	108580	133152	158023	178686	195538	201227	214149	220904	248037	251852	251959	258780	265445	271813	272524	276246	301600	304321	306793	331207	337486	403381	407774	421033	435365	451183	462832	468261	468948	478839	483679	493743	497701	499925	503771	504740	519747	520679	525716	537153
132	2753	9645	10492	17208	26999	45338	49948	67768	69324	91930	107687	114810	123451	136947	143715	150450	178427	187128	206097	223528	224509	246912	283685	287924	298937	308657	317267	317693	325902	331669	332167	333849	335782	340592	341742	344923	355913	356166	358800	380726	407613	426678	450384	452522	467165	489563	494670	505753	516221	536330	540235
13679	14299	30348	31488	32100	34250	34937	40583	47550	64429	65296	66910	72727	78028	80013	83362	96479	97661	119495	122267	132670	139317	141005	162361	163486	164157	170387	177466	187476	199961	201708	209080	213786	241304	251391	279398	290337	292080	297644	321742	360322	362275	371991	378689	396135	413248	415287	435810	443747	475188	478514	483396	483861	503446	510417	510530	521184	521217	530270	539784	544322
2935	8546	37312	52850	57868	76076	76588	92451	99270	115476	121551	136512	159870	167319	175417	179255	183430	185930	196891	197590	216822	219109	242336	243758	243803	246509	268300	314903	328483	329234	336197	365332	367118	375325	376672	376975	392090	400604	418746	422473	472911	490032	492754	498635	502495	505175	516834	517850	532895	533033	542607
1841	11532	46370	49255	58900	63495	72549	83762	109491	115175	123228	125127	149492	152436	160407	163778	171065	182875	186518	203981	211472	212191	213205	215844	219482	245138	254741	260615	287062	304646	318724	321245	322560	324224	335121	335452	337625	339339	365870	372374	376846	380765	405904	409945	420862	443740	444762	448439	457111	463472	467018	472228	472959	473216	484094	487028	489658	489949	492742	500404	507509	513947	517291	518284	520107	544796
16253	27877	31798	50037	54603	59216	72965	74703	77068	99160	124223	132771	139847	144958	148960	152594	157592	160435	164668	180583	187171	206281	232354	232913	247826	256182	258456	264303	295343	310594	312581	326337	327789	330122	330216	332507	336537	344721	348809	351039	351604	375640	380681	399606	404609	405299	407423	411667	435530	452442	460548	482957	509664	519036	520459	521011	521818	522261	523270	529142	531808	533939
17709	22687	29420	30231	31816	54426	54592	62052	68266	77207	89482	93050	99737	101887	110845	113814	138082	148667	148815	153667	154531	155547	174042	183335	192753	237412	242922	250473	255998	266875	267488	267589	282030	291353	302934	303224	303820	323681	327230	332625	334702	334949	362794	385452	387927	399472	406316	421055	430917	447132	449271	470241	471504	478239	490663	492019	493688	502957	513584	518779	522052	523122	524835	526279	534183	543383
13213	33791	37913	60524	69216	82240	94105	109753	113186	139165	146452	152557	161090	175043	180019	182423	182511	185280	201932	203634	205422	208178	208909	209957	221231	248859	251114	275549	280138	284163	292492	294202	299947	317187	320215	326003	338234	344288	345722	362460	369819	370717	379377	388409	393821	399642	416934	419738	424297	426533	427256	428388	436758	440746	448160	465019	472162	476330	479455	480064	497024	513425	517008	526402	535864	539860
18471	40254	40507	67672	68880	80272	86377	94065	96142	96164	100833	110311	110323	118002	118660	121312	125406	132318	147145	149965	158454	159005	194464	198299	201370	205588	224454	233409	239268	246158	257803	265279	271642	275335	277193	283768	289737	297774	303877	304953	311666	337328	339366	340566	357876	359178	362293	363607	364596	369653	369656	371021	378535	386144	394938	399588	405799	418732	422962	427154	460491	462518	465830	473137	473883	485445	504760	507999	508430	521948	526677	539010	546837
18471	25988	40254	40507	67672	68880	80272	86377	94065	96142	96164	100833	110311	110323	118002	118660	121312	125406	132318	147145	149965	158454	159005	194464	198299	201370	205588	224454	233409	239268	246158	257803	265279	271642	275335	277193	283768	289737	297774	303877	304953	311666	337328	339366	340566	357876	359178	362293	363607	364596	369653	369656	371021	378535	386144	394938	399588	405799	418732	422962	427154	460491	462518	465830	473137	473883	485445	504760	507999	508430	521948	526677	539010	546837
434	7100	15700	22475	32499	40152	41520	47444	50733	61879	86724	141245	143401	148912	149899	150252	167698	170956	180162	191182	192770	198344	214614	214723	216117	219206	227977	230915	232209	239063	239486	239716	241053	246371	247814	250892	263674	274961	282086	289413	333889	334036	340967	349469	358286	360544	369105	386341	390209	392306	400436	402463	406077	406340	408283	409978	410691	422178	423097	424320	427829	437613	450768	452412	460214	461666	475716	486011	506589	514188
11915	13589	15922	36802	40326	56913	66017	70230	75762	79419	79705	81790	86150	89918	95258	98343	104350	106397	110425	111550	131043	135115	135409	146401	149579	154146	155663	162974	175213	183231	189882	206540	209915	216697	228082	254963	259788	286536	301483	301682	310488	325745	326481	327922	328951	344483	349627	354715	368498	389791	391539	397448	397575	403346	403540	413490	416018	416364	421373	427277	433792	463529	477664	485524	498651	499716	515094	524779	535908	544279	546224
11915	13589	15922	36802	40326	56913	66017	70230	75762	79419	79705	81790	86150	89918	95258	98343	104350	106397	110425	111550	131043	135115	135409	146401	149579	154146	155663	162974	175213	183231	189882	206540	209915	216697	228082	254963	259788	270024	286536	301483	301682	310488	325745	326481	327922	328951	344483	349627	354715	368498	389791	391539	397448	397575	403346	403540	413490	416018	416364	421373	427277	433792	463529	477664	485524	498651	499716	515094	524779	535908	544279	546224
924	2154	7717	10821	26217	28941	30018	35504	46696	48189	54375	58441	66628	67982	99219	102502	117907	121850	156784	158013	172679	181932	185616	198477	201146	219381	221852	223290	238220	272414	277374	278958	286679	290723	298089	309230	310994	311140	320334	330712	331020	331516	344648	355273	369723	369741	376306	379374	379961	397001	398638	399744	414973	473965	474764	489111	496449	498378	509500	513239
1820	10687	26443	50313	60965	61891	70027	79895	85518	94903	96907	102507	102971	112858	115002	118233	118378	119092	120970	135942	160700	163082	164600	167642	171437	178061	183511	185834	187854	190337	200769	206265	207329	213264	228086	233088	237249	238138	261977	268581	269505	279570	286373	287049	293591	297126	303589	310096	327126	332244	333429	339725	341392	354429	363933	384350	387578	388235	392965	394137	411367	423187	424964	425681	426033	429147	434725	436429	472084	489399	491494	498596	505955	508581	508904	512048	514212	516947	520280	527136	530406	533808	537745
13213	33791	37913	60524	69216	82240	94105	109753	113186	125335	139165	146452	152557	161090	175043	180019	182423	182511	185280	201932	203634	205422	208178	208909	209957	221231	248859	251114	253586	275549	280138	284163	292492	294202	299947	317187	320215	326003	338234	344288	345722	362460	369819	370717	379377	388409	393821	399642	416934	419738	424297	426533	427256	428388	436758	440746	442313	448160	465019	472162	476330	479455	480064	497024	513425	516116	517008	518269	526402	535864	539860
2126	3951	8130	9345	19411	25482	28682	36893	37313	40319	40330	48815	49247	55648	61872	71938	73917	91351	92426	103928	107996	135937	137778	138586	157349	166059	184063	190199	190549	195082	202277	224377	235408	249182	257765	260186	269463	273695	282154	282873	283515	283842	287734	287998	288908	298152	307186	326049	339357	344945	353282	354492	354845	363055	363588	373235	377269	390591	394441	401187	404569	412381	419838	420900	425057	431285	434890	435544	438282	438922	439705	444746	445196	448900	452964	453143	455205	458402	463156	464271	466579	471901	479011	482474	491652	494329	501176	506415	507462	520543	530630	533891	535792	536374
1500	11152	12177	14425	19625	21516	24328	31980	48099	50856	54519	72700	76261	81303	90431	100464	121344	121441	121768	122338	124220	125000	130542	136574	138211	144800	145300	152770	168056	180569	182085	186400	193153	193834	196827	200566	205402	213200	217502	226851	227121	229039	238729	251964	254640	282212	302509	303834	304553	305601	311929	319406	327497	331200	356893	368669	374161	395622	398443	403329	407436	409123	410747	412282	424386	437499	442010	442541	443987	452941	458185	463477	467195	468085	471456	488943	490490	490861	493324	494252	498708	500747	515331	520608	524027	526560	527121	528829	529227	539662	541245
13248	29563	33799	55637	58670	73810	76557	92212	97018	115144	121638	124578	129020	136963	144348	147835	148008	150371	151159	152841	157044	175604	178031	185383	194436	200642	212225	242680	243240	245523	247886	248030	250378	257155	261348	267773	268353	272525	276604	284228	289741	292275	299402	300621	309672	313665	318245	322472	325599	333602	336982	342279	354276	366517	368252	378221	390333	404060	405609	413512	414104	415676	419566	425548	426084	430159	434010	437455	438643	449361	449928	458156	463509	466454	478024	488077	488851	498764	502904	506046	507217	519580	524866	526801	528695	528874	529919	531535	537720	542645
2625	5338	6971	8926	10997	14567	15554	27137	29201	38476	40318	42819	47559	48359	52895	60779	63483	71292	73966	74666	79227	83252	85570	88867	92920	98354	99335	105394	107930	119275	121262	123533	126713	129562	130619	147977	150430	153173	157915	162584	164151	168608	173221	180642	183951	184010	184707	185630	188991	191745	193587	198181	213689	217000	220148	223185	245970	246810	248193	248492	254441	265474	271345	272733	281663	296660	315743	316031	319052	324898	327740	332123	343067	351358	362223	371893	376352	377393	385756	392256	394033	395771	405648	412972	419830	423124	423708	425261	428970	433665	439553	444736	450482	454538	465101	467711	471591	474184	476031	491586	492176	492399	493039	493381	497880	497950	504364	505559	509523	512705	522223	526588	531007	533484	533970	535723	544391
8817	18452	21945	32976	47476	51616	58799	80142	85349	88269	92183	94813	102341	104737	111787	129068	137008	137236	142514	156498	160681	163919	190308	193438	229488	232600	238416	242690	246460	253239	262148	264005	265353	269530	283767	288374	294006	296571	310989	316764	326089	329652	335785	336712	337825	346932	349761	371997	376231	376997	379324	383362	385015	395891	400011	407273	414629	423625	427026	427216	427791	432857	439202	459331	482859	498377	500491	518227	518648	518695	523737	531205	531641	539228
2486	30398	30690	33251	43379	52500	59285	64879	67572	70522	75780	77701	84839	92472	93356	95427	98081	104553	120615	127199	127262	127821	141618	149809	151849	152407	154509	166549	182201	182923	186022	191775	202986	204966	205838	208714	217871	221281	225233	229209	230262	246180	252719	261562	263093	272957	273775	275237	276567	277024	277617	287524	287582	289953	294679	296069	298254	299611	300975	301761	306636	309411	313307	314250	314719	318212	318538	329078	330328	335183	345901	353264	377247	383087	390680	401268	401798	409356	412163	416162	417521	418177	419862	423864	429708	433190	434830	443332	447892	458993	471336	482584	496201	502212	504199	512729	522378	527792	535477	535762	541122	541690	542633	543516
2486	30398	30690	33251	34895	38265	43379	52500	59285	64879	67572	70522	75780	77701	80756	84839	92472	93356	95427	98081	104553	116969	120615	127199	127262	127821	141618	149809	151849	152407	154509	166549	182201	182923	186022	191775	202986	204966	205838	208714	217871	221281	225233	229209	230262	246180	252719	261562	263093	272957	273775	275237	276567	277024	277617	287524	287582	289953	294679	296069	298254	299611	300975	301761	306636	309411	313307	314250	314719	318212	318538	329078	330328	335183	343306	345901	347716	353264	355378	366824	377247	383087	390680	401268	401798	409356	412163	416162	417521	418177	419862	423864	429708	433190	434830	443332	443731	447892	458993	471336	482584	496201	502212	504199	512729	522378	527792	535477	535762	541122	541690	542633	543516
1164	7775	10872	12275	18396	21859	22108	22750	28313	33972	40150	40368	41947	44417	46734	49011	49251	49404	52705	53201	58209	62816	75422	76174	78548	83365	84360	95124	96246	98598	100800	102327	102786	103920	107337	116893	118972	123137	126263	126867	128604	135305	140989	143180	147613	151478	153222	154922	154972	167320	169941	176655	178331	181589	188168	190647	193701	193968	195531	199136	210491	210965	212190	215982	221015	226601	232111	240177	240649	241902	245981	250555	251857	269278	270894	286552	288210	290254	298981	312191	318316	328088	337899	344787	355126	362412	362423	364079	364368	382871	386317	389994	395337	397826	403712	407916	407983	408514	413736	415696	415813	426901	432507	432520	436459	439603	443438	456597	461007	462564	464824	466954	475193	480112	480126	480777	489123	493163	493231	493702	493977	501189	505072	507622	511805	513605	515541	517097	522764	524164	531157	531766	531905	537583	538291	544328	544343	547472
21823	48542	49299	65581	84226	90055	90392	98418	115024	126184	139674	161640	164490	189578	200667	207311	211522	231590	232381	236502	252958	270717	301724	318922	331673	337607	342983	348796	365395	367123	372909	379854	390996	399173	400256	414771	420643	421322	433362	436671	438641	444456	445274	457506	462922	468534	481513	491430	494020	501204	514884	519197	531201	536302
3833	4829	6579	23465	26373	28053	33812	49761	56052	71736	73400	74439	76881	98269	98332	99373	101019	105619	107972	121270	122915	127345	131182	131211	184458	188073	189959	195210	210020	215955	217230	223061	228831	306781	311872	327818	328468	333916	335763	343242	349055	381003	396649	400523	403255	412670	420427	432937	434966	452884	472722	494481	504305	511237	519013	520121	536830
20297	23130	24614	26617	27657	38071	41404	42131	56414	61016	69255	73088	81150	98011	101561	112788	122730	135071	135956	136696	137370	140470	140620	162935	174384	182254	191740	203088	204147	204274	220860	223160	223593	244374	249943	251415	263822	264454	272055	274340	276330	279196	280905	281767	288913	293481	294082	297017	301693	308995	314034	314189	317083	320915	321449	324586	328079	337678	337991	338223	342319	345602	347320	357724	362446	369646	369677	377046	380885	401775	405524	412826	414226	415843	424918	426256	430553	435149	436557	448131	448760	451004	458021	490680	496424	510793	511245	516611	517663	523930	526828
2849	3460	4825	20297	23130	24614	25539	26617	27657	38071	41404	42131	56414	56436	58350	61016	69255	70287	71772	73088	81150	98011	101561	112788	122730	124082	135071	135956	136696	137370	140470	140620	147607	149819	162935	174384	182254	186065	191740	203088	204147	204274	215184	220860	223160	223593	238836	244374	249943	251415	263822	264454	272055	274340	276330	279196	280905	281767	288913	293481	294082	294495	297017	301693	305967	308995	313182	314034	314189	317083	318012	320915	321449	324586	325027	328079	337678	337991	338223	341087	342319	345602	347320	352323	357724	362446	362720	369646	369677	372872	377046	380885	401775	405524	412826	414226	415843	424918	426256	430553	435149	436557	448131	448760	451004	457476	458021	464888	471737	474959	490680	496424	510793	511245	516611	517663	523930	526828	527901
2797	15952	31200	47626	57116	61118	72238	80005	96812	96824	109243	115271	121462	121482	129002	129819	140476	165128	196566	198304	202609	203397	216625	243863	264309	266187	270593	278146	283440	315577	320858	323371	323378	348877	384795	389473	412353	417383	429082	432569	438003	439622	463702	472962	480884	497828	499649	501124	514909	516992	528717
3365	16253	27877	31798	50037	54603	59216	60613	72965	74703	77068	90677	95308	97698	99160	108640	110029	118408	124223	131061	132771	134894	139847	144958	148960	152594	157592	160435	164668	176119	180583	187171	190418	206281	222033	232354	232913	246286	247826	251915	256182	258456	264303	290324	294519	295343	310594	312581	326337	327789	330122	330216	331590	332507	336537	344721	348809	351039	351604	369501	375640	380681	392075	393447	399606	404609	405299	407423	411667	435530	452442	459834	460548	479755	482957	491069	493057	505904	509664	510013	519036	520459	521011	521818	522261	523270	526090	529142	531808	533939
9650	74550	74552	83155	90380	96158	108194	127568	134221	134224	134225	134228	144191	144193	157624	172367	172369	179921	179922	199097	199099	203703	247058	247059	252788	270306	538287	538480	538974	541418	542184	542321	542446	542683	542902	543056	543105	543161	543162	543173	543247	543343	543720	543789	543860	543872	543873	543874	543875	543899
15919	53560	64572	64749	65000	68257	71640	81499	84239	102941	132608	137824	139356	145911	145932	150243	166867	189143	194836	200801	200952	233632	233725	237442	243977	246926	271422	276649	310305	319620	324456	325553	326762	348418	355542	357095	372675	373768	379479	381935	384360	390782	413040	421764	423381	427308	459129	459328	476115	487636	491070	509448	519807	526060	533527	541584
22412	44291	224536	230956	230957	230962	255796	255797	255799	255800	255803	255811	255813	255814	255815	255817	255818	255821	255825	255827	255828	255830	255832	255833	255835	255838	288065	321548	321550	369782	369783	369784	369785	369786	369787	369788	369789	369790	369791	369792	369793	369794	369795	369796	369797	369798	369799	369800	369801	369862	369863	369864	369865	369866	369867	369869	369872	381780	400780	487291	487436	527610
1776	14948	15859	24054	32065	42826	48467	63151	68116	73128	87891	93317	129997	134663	156457	159988	182858	193110	194944	196987	197841	199507	199986	206283	233996	247651	260469	276007	284796	285433	293715	299112	311018	321831	326225	334953	353013	371067	380776	399039	410759	416423	422155	446503	452082	452464	465402	495357	497384	501277	510562	512468	518125	518984	520324	533437	540659	540861
4484	5437	8495	9656	38463	45600	54536	132870	148248	150048	164309	169736	170987	174295	195830	202401	217014	221460	223168	243178	254311	263950	281604	285990	292542	294925	313050	315910	337062	339961	355554	373268	377561	377672	379472	382714	386545	396419	402444	405500	407156	425449	426350	446024	447954	449280	450407	451248	462111	470171	475223	495028	498126	499218	517835	520322	529422	532147	532348	534133
1015	2797	14896	15952	21659	21695	24397	31200	42346	47626	57116	61118	62867	67051	71036	72238	75245	80005	87626	96812	96824	109243	115271	121462	121482	129002	129819	132671	140476	145089	158674	162709	163015	165128	166077	182587	188698	196566	198304	202609	203397	205505	210462	216625	231400	233838	240678	243863	254423	258501	264309	266187	270593	278146	278725	282906	283440	303160	305716	315577	320287	320858	323371	323378	348877	350288	354251	370812	384795	389473	408836	411795	412353	417383	422063	429082	432569	436124	438003	438354	439622	445259	463702	466135	472962	480884	486888	497828	499649	501124	514909	516992	519672	528717	534790	538222
842	8815	13087	13095	13097	13103	13108	13121	13123	13794	13799	49521	50197	58469	74782	75826	90018	93611	93614	93615	93617	93618	97870	97871	97874	116158	122473	165680	167799	167800	167801	167802	167804	167806	167811	190772	203430	221805	222128	237897	250530	250543	253914	253918	262528	262529	262530	262535	262540	268569	324170	429065	439922	444995	446488	452619	461482	468336	500224	500233	502776	502780	502809	502821	502824	502829	521767	521769	527894
26443	50313	60965	61891	85518	94903	96907	102507	102971	115002	118233	118378	119092	120970	164600	171437	178061	183511	187854	190337	200769	228086	237249	238138	261977	268581	269505	279570	286373	287049	293591	297126	303589	310096	327126	332244	333429	339725	341392	354429	363933	384350	387578	388235	392965	411367	425681	426033	429147	434725	436429	472084	489399	491494	505955	508581	509360	512048	514212	520280	527136	530406
13679	14299	30348	31488	32100	34250	34937	38822	47550	64429	65296	66910	72727	78028	80013	83362	96479	97661	119495	122267	141005	162361	163486	170387	187476	209080	241304	251391	279398	290337	292080	321742	360322	362275	371991	378689	396135	413248	415287	435810	475188	478514	483396	483861	503446	510417	521184	521217	530270	539784	544322
3670	13248	21823	25094	29563	30012	33799	48542	49299	65581	76557	80153	84226	90055	90392	92212	97018	98418	115024	115144	117848	121638	126184	129020	129164	136963	139674	144348	147835	148008	150371	152841	157044	161640	163200	164490	175604	178031	184191	188313	189578	194436	200642	200667	205669	207311	211522	231590	232381	233405	236502	243240	243289	245523	247886	248030	250378	252958	255399	257155	261348	267773	268353	270717	272525	276604	284228	284366	292275	298966	299402	300621	301724	309672	309970	313665	315063	315407	316153	318245	318922	321687	322472	325599	331673	333602	333688	336982	337607	342279	342983	345802	348796	354276	365395	366517	367123	369899	372909	378221	379854	390333	390996	399173	400256	405609	413512	414104	414771	417663	419566	420643	421322	425548	426084	430159	433362	434010	436671	438641	438643	441533	444456	445274	449361	449928	455520	457506	458156	462922	466454	468534	478024	481513	491430	494020	498764	501204	502904	504221	506046	507217	514884	519197	524866	526095	526608	526801	528695	531201	534435	536302	537720	540443
2625	5338	6971	8926	10997	14567	15554	27137	29201	38476	40318	42819	47559	48359	52895	60779	63483	71292	73966	79227	83252	85570	88867	92920	98354	99335	105394	107930	119275	121262	123533	126713	129562	130619	147977	150430	153173	157915	162584	164151	168608	173221	180642	183951	184010	184528	184707	185630	188991	191745	193587	198181	213689	217000	220148	223185	245970	246810	248193	248492	254441	265474	271345	272733	281663	296660	315743	316031	319052	324898	327740	332123	343067	351358	362223	371893	376352	377393	385756	392256	394033	395771	405648	412972	419830	423124	423708	425261	428970	433145	433665	434007	439553	444736	454538	465101	467711	471591	474184	476031	491586	492176	492399	493039	493381	497880	497950	504364	505559	509523	512705	522223	526588	531007	533484	533970	535723	544391
3951	8130	9345	19411	25482	28682	36893	37313	40319	40330	48815	49247	71938	73917	91351	92426	103928	107996	135937	137778	157349	184063	190199	190549	195082	202277	224377	235408	249182	257765	260186	269463	273695	282154	282873	287734	287998	288908	298152	307186	326049	339357	344945	353282	354492	354845	363055	363588	373235	377269	390591	394441	401187	404569	412381	419838	420900	425057	431285	434890	438282	439705	444746	445196	448900	452964	453143	455205	463156	464271	471901	479011	491652	494329	506415	507462	520543	530630	533891	535792	536374
22412	44291	224536	230956	230957	230962	255796	255797	255799	255800	255803	255811	255813	255814	255815	255817	255818	255821	255825	255827	255828	255830	255832	255833	255835	255838	278618	288065	321548	321550	369782	369783	369784	369785	369786	369787	369788	369789	369790	369791	369792	369793	369794	369795	369796	369797	369798	369799	369800	369801	369862	369863	369864	369865	369866	369867	369869	369872	381780	400780	416226	416272	487291	487436	494440	494444	494449	527610
3120	9869	14992	28461	29384	36530	52665	57685	64539	65985	70232	71521	77320	78849	80905	81392	82128	82823	91983	95698	97420	101939	104504	104997	107230	110936	112768	115598	120326	123297	137392	146209	149432	150038	153172	161157	178391	189398	189580	190266	196453	203600	218429	219484	219936	224125	226912	236382	242549	246768	253751	254204	265320	266147	269579	271766	276086	276847	281118	281961	284788	289784	290158	290813	300171	319065	321216	329132	330541	335032	341761	343112	343933	354348	354600	362551	375181	376939	377304	387465	394976	399137	412077	412242	424159	434120	436450	438465	447700	449008	450608	455158	457320	460256	468540	471688	481242	483042	498016	504277	518606	519342	525219	525485	527391	528926	538992	541722
3833	4829	5238	6579	19341	23465	23890	23916	25749	26373	28053	33812	38444	47744	49761	53117	55043	56052	58829	60349	61178	65008	66096	67395	67464	71736	73400	74439	76881	86910	91592	98269	98332	99373	101019	103544	105619	107972	114473	120380	121270	122915	127345	131093	131182	131211	135702	139089	141711	142427	156691	162652	163920	168715	168720	181953	182430	184458	188073	189013	189959	193790	195210	200271	203903	205319	210020	210992	212553	215914	215955	217230	220330	223061	228537	228831	229510	234271	235970	250182	254263	261558	279216	306781	309573	311872	317603	320128	324785	327818	327890	328155	328468	332188	333916	335763	343242	349055	352079	358034	363926	367285	368176	373188	381003	382724	389871	396649	397590	400523	403255	406305	406909	412670	416846	420427	421557	423859	426269	432937	433843	434966	444750	445441	445716	451671	452884	460870	471009	472722	475581	494481	494860	504305	511237	515659	517224	519013	520121	522750	536830	539125	544898
8533	11683	13518	13850	14981	19767	20763	22036	31348	34011	42769	48053	50574	51187	56822	66284	69831	73601	74852	92249	95539	98536	105238	113192	117923	118315	130245	137338	140265	165124	170461	171214	171689	172228	184612	199263	208216	213303	216885	217716	217970	224371	225637	225811	233232	233859	234093	237646	249514	262995	268848	273670	279185	303673	313078	316345	338338	342105	347257	350418	352692	357203	360161	362572	367645	368169	373473	376699	380727	382881	386234	389494	391528	392875	403958	414636	430544	430615	432983	437216	439593	440566	440606	448590	453411	464863	501634	502236	502786	503628	504792	520005	524891	530090	534198	540372	541185
1820	10687	26443	50313	60965	61891	70027	79895	85518	94903	96907	102507	102971	112858	115002	118233	118378	119092	120970	135942	160700	163082	164600	167642	171437	178061	183511	185834	187854	190337	200769	206265	207329	213264	228086	233088	237249	238138	261977	268581	269505	279570	286373	287049	293591	297126	303589	310096	327126	332244	333429	339725	341392	354429	363933	384350	387578	388235	390225	392965	394137	411367	423187	424964	425681	426033	429147	434725	436429	472084	489399	491494	498596	505955	508581	508904	509360	512048	514212	516947	520280	527136	530406	533808	537745
1776	7219	14948	24054	32065	42826	48467	63151	68116	73128	87891	93317	129997	134663	156457	159988	182858	193110	194944	196987	197841	199507	199986	204899	206283	233996	247651	260469	274701	276007	284796	285433	299112	311018	321831	326225	334953	353013	355756	371067	380776	399039	410759	416423	422155	446503	452082	452464	465402	495357	497384	501277	510562	512468	518125	518984	520324	533437	540659	540861
8817	18452	21945	32976	47476	51616	58799	80142	85349	88269	92183	94813	102341	104737	111787	129068	137008	137236	142514	156498	160681	163919	190308	193438	229488	232600	238416	242690	246460	253239	262148	264005	265353	269530	283767	288374	294006	296571	310989	316764	326089	329652	335785	336712	337825	346932	349761	371997	376231	376997	377041	379324	383362	385015	395891	400011	407273	414629	423625	427026	427216	427791	432857	439202	459331	482859	487135	498377	500491	518227	518648	518695	523737	531205	531641	539228
9477	11501	17400	22905	45978	49986	54159	61025	66324	74491	82276	91487	92098	96221	97983	106873	119952	120511	120721	132521	140456	143750	148545	158056	165323	166089	169637	177767	182173	184976	185964	195109	197935	209840	216658	216701	224110	224870	232429	232665	233122	242337	243136	249536	257304	257520	257906	259847	262051	264490	266865	270337	270721	275325	276496	278127	280033	286485	298491	301869	313625	315789	322361	340503	342923	347869	352727	356114	364400	367135	367905	376753	382672	383714	387589	395015	398530	400686	402316	403457	414963	415603	437413	438584	438812	442743	443480	446885	450302	466738	474034	481362	485236	492236	499005	501172	511033	511383	512515	520757	521803	522605	529014	533768	540572	541063	542594
30398	30690	34895	59285	64879	67572	77701	84839	92472	116969	120615	127199	127262	141618	149809	166549	182201	202986	204966	205838	208714	217871	221281	225233	229209	246180	263093	273775	275237	277617	287524	287582	289953	296069	298254	299611	306636	309411	314250	329078	335183	343306	345901	347716	353264	355378	377247	383087	401268	416162	417521	429708	433190	434830	443332	447892	502212	504199	512729	522378	527792	535762	541122	541690	542633	543516
1164	7775	10872	12275	18396	21859	22108	22750	28313	33972	40150	40368	41947	44417	46734	49011	49251	49404	52705	53201	58209	62816	75422	76174	78548	83365	84360	95124	96246	98598	100800	102327	102786	103920	107337	116893	118972	123137	126263	126867	128604	135305	140989	143180	147613	151478	153222	154922	154972	167320	169941	176655	178331	181589	188168	190647	193701	193968	195531	199136	210491	210965	212190	215982	221015	226601	232111	240177	240649	241902	245981	250555	251857	269278	270894	286552	288210	290254	298981	312191	318316	328088	337899	344787	355126	362412	362423	364079	364368	382871	386317	389994	395337	397826	403712	407916	407983	408514	413736	415696	415813	426901	432507	432520	436459	439603	443438	456597	461007	462564	464824	466954	475193	480112	480126	480777	489123	493163	493231	493702	493977	501189	505072	505586	507622	511805	513605	515541	517097	522764	524164	531157	531766	531905	537583	538291	544328	544343	547472
17709	22383	22687	29420	30231	31816	51130	54426	54592	62052	68266	77207	89482	93050	95025	96570	99737	101887	110845	113814	120216	122110	138082	143298	144759	145667	145796	148667	148815	153667	154531	155547	170852	173982	174042	183335	190037	192753	205753	220940	237412	241881	242922	245861	250473	251270	255998	266875	267488	267589	276303	282030	291353	302934	303224	303820	323234	323681	323839	327230	332625	334702	334949	343273	362794	385452	387927	388820	399472	406316	421055	430917	439926	447132	449271	470241	471504	478239	490663	491704	492019	493688	502220	502957	513584	514234	514938	518779	520043	522052	523122	524835	526279	534183	543383	544881
2625	5338	6971	8926	10997	14567	15554	21532	27137	29201	38476	40318	42819	47559	48359	52895	60779	63483	71292	73966	74666	79227	83252	85570	88867	88974	92920	98354	99335	105394	107930	119275	121262	123533	126713	129562	130619	147760	147977	150430	153173	157915	162584	164151	168608	173221	180642	183951	184010	184707	185630	186253	188991	191745	193587	198073	198181	213689	217000	220148	223185	244947	245970	246810	248193	248492	254441	258433	265286	265474	271345	272733	281663	293867	296660	302081	309070	315743	316031	319052	324898	327740	332123	343067	343898	351358	355265	362223	371893	376352	377393	385756	392256	394033	395771	405648	412972	419830	423124	423708	425261	428970	431758	433665	439553	444736	450482	454538	465101	467711	471591	474184	476031	491586	492176	492399	493039	493381	497880	497950	504364	505559	509523	512705	522223	526588	531007	533484	533970	534192	535723	541359	544391
2411	8922	9649	10064	10384	12604	13768	15289	17023	21628	22699	24451	29098	30597	35073	37375	40019	45782	46091	50999	51078	54908	54949	58915	61963	67407	67802	69201	72043	72662	75366	79662	84708	88071	88581	88664	92707	93401	100344	101280	101974	104347	105539	109100	110416	110557	122021	124196	125825	128438	134980	135843	141751	142595	145542	146453	146527	147259	147912	151824	152237	154141	155537	158577	160661	161912	163311	164140	164812	165040	168149	168719	169162	170940	171677	178260	178529	180067	182543	183214	183432	186111	196737	198471	199855	204136	205597	206591	207828	208097	210341	211919	217935	218533	223555	229451	232462	239629	240213	240874	242887	243864	248217	248396	250213	250953	254038	264194	265316	269495	270651	277503	277636	280180	281081	282228	282747	284484	285643	286589	288779	291528	295118	298214	299682	301756	302476	310707	312723	315368	318944	322320	323558	324619	324936	326852	327139	328570	331184	339760	340570	340940	343602	346707	347666	347774	348664	350551	351020	351405	351827	352294	354111	357323	358887	360890	364755	368631	371620	372239	378495	378785	379439	380684	381294	383111	384688	389997	390438	392518	392680	394879	396936	397827	398644	399006	399824	407014	407300	408212	410695	412348	412976	415742	419926	423591	424074	424948	427671	428277	428543	431076	434715	434917	435295	436894	437689	437941	440729	440865	442025	447487	450500	451582	453375	453437	455309	455588	458888	461141	463139	463500	466304	466832	471583	471620	472444	475566	478992	480619	482373	482982	482991	483647	485254	486332	489239	490115	492555	494286	495195	501043	503909	504513	505814	507975	508516	512055	515526	516354	517559	518791	518982	519271	520048	521723	522219	523267	523525	524460	527680	529057	529823	530304	530846	536296	539156	539353	539578	540798	540836	543463	543565	543979
3365	16253	27877	31798	50037	54603	59216	60613	62960	72965	74703	77068	90677	95308	97698	99160	118408	120296	122211	124223	132771	134894	139847	144958	148960	152594	157592	160435	163023	164668	176119	190418	206281	222033	232354	232913	246286	247826	256182	258456	264303	294519	295343	310594	312581	326337	327789	330122	330216	332507	336537	344721	348809	351604	369501	375640	380681	392075	393447	399606	404494	404609	405299	407423	411667	435530	452442	459834	460548	479755	482957	493057	505904	509664	519036	520459	521011	521818	522261	523270	526090	529142	531808
3542	6050	14092	20068	34711	37532	38132	44688	45762	49333	54865	57325	59197	59217	67627	131921	154864	155533	182834	186396	201209	202791	211693	224973	237080	241253	243277	256540	265901	266313	267766	294696	301633	327394	339120	343092	373337	382101	390087	394014	396290	413449	417568	421503	441494	442103	443954	448951	471555	479931	489692	496695	504502	509123	509476	519862	520946	523360	533175	534674	538748	539412	547579
25624	33379	37456	39576	46990	53000	54882	82064	125538	146859	147000	156950	170690	173435	181843	188807	192900	211804	225455	242803	243918	245507	260701	262116	265910	274940	280091	280651	287026	290875	291402	312743	315637	316854	326323	334559	350128	350547	353596	354809	357507	358478	361346	385932	413665	417432	431195	441045	461532	478532	479518	481729	482033	483021	508757	520878	544291	544374
15919	53560	64572	64749	65000	68257	71640	81499	84239	96130	102941	132608	137824	139356	145911	145932	150243	166867	189143	194836	200801	200952	233632	233725	237442	243977	246926	271422	276649	310305	319620	324456	325553	326762	348418	355542	357095	372675	373768	379479	381935	384360	390782	413040	421764	423381	427308	445362	459129	459328	476115	487636	491070	509448	519807	526060	533527	541584
22388	31673	32813	32818	32819	32821	32871	32873	32875	32877	32879	32880	53520	62523	69451	102350	126868	137761	137763	137766	140298	152486	160909	168637	173935	183395	183412	187316	189279	200549	216445	216449	228695	239050	240517	278141	285376	286168	290811	295252	320928	334071	345620	351527	359912	379065	379180	436108	465069	470095	470598	470599	488157	525393	525406	525422	541545
1776	14948	15859	24054	32065	42826	48467	63151	68116	73128	87891	93317	129997	156457	159988	182858	193110	194944	196987	197841	199507	199986	203014	204899	206283	233996	247651	260469	274701	276007	284796	285433	293715	299112	311018	321831	326225	334953	371067	380776	399039	416423	422155	446503	452082	452464	465402	495357	497384	501277	510562	512468	518125	518984	520324	533437	540659	540861
2625	5338	6971	8926	10997	14567	15554	21532	27137	29201	38476	40318	42819	47559	48359	52895	60779	63483	71292	73966	79227	83252	85570	88867	92920	98354	99335	105394	107930	119275	121262	123533	126713	129562	130619	147977	150430	153173	157915	162584	164151	168608	173221	180642	183951	184010	184528	184707	185630	186253	188991	191745	193587	198073	198181	213689	217000	220148	223185	244947	245970	246810	248193	248492	254441	258433	265286	265474	271345	272733	281663	293867	296660	302081	315743	316031	319052	324898	327740	332123	343067	343898	344237	351358	355265	356693	362223	371893	376352	377393	385756	392256	394033	395771	405648	412972	419830	423124	423708	425261	428970	431758	433145	433665	434007	439553	444736	454538	465101	467711	471591	474184	476031	491586	492176	492399	493039	493381	497880	497950	504364	505559	509523	512705	522223	526588	531007	533484	533970	534192	535723	541359	544391
3951	8130	9345	19411	25482	28682	36893	37313	40319	40330	48815	49247	71938	73917	91351	92426	103928	107996	135937	137778	138586	157349	184063	190199	190549	195082	202277	224377	235408	249182	257765	260186	269463	273695	282154	282873	287734	287998	288908	298152	307186	326049	339357	344945	353282	354492	354845	363055	363588	373235	377269	390591	394441	401187	404569	412381	419838	420900	425057	431285	434890	438282	439705	444746	445196	448900	452964	453143	455205	463156	464271	466579	471901	479011	491652	494329	506415	507462	520543	530630	533891	535792	536374
30398	30690	34895	59285	64879	67572	77701	84839	92472	116969	120615	127199	127262	141618	149809	166549	182201	202986	204966	205838	208714	217871	221281	225233	229209	246180	263093	273775	275237	277617	287524	287582	289953	296069	298254	299611	306636	309411	314250	314719	329078	335183	343306	345901	347716	353264	355378	377247	383087	401268	416162	417521	429708	433190	434830	443332	447892	482584	502212	504199	512729	522378	527792	535762	541122	541690	542633	543516
6688	18059	36712	49082	56222	73772	73833	80778	86359	104911	111606	112494	132794	133831	145503	158753	174472	201407	219575	255586	259625	262879	268629	276958	281468	285560	292405	292797	293009	307520	308357	316846	331825	336749	376852	411592	416431	424508	425287	430888	432003	440380	452257	466842	467133	511848	517285	538944	539186	539854
1822	4645	7001	17716	29516	46774	47682	47750	51619	52944	67608	73543	75510	83064	87508	87810	90166	90546	93372	94201	98930	103529	105210	107221	110031	111414	111430	116789	121895	125772	128229	138881	141236	143470	143980	150139	151205	157048	159553	164421	168984	170493	173327	177498	178341	178992	183478	184995	185045	186598	190384	192540	193112	197286	199857	202049	214048	214971	218002	218626	218826	220496	232138	235790	241105	243709	245205	250774	254853	257338	262908	263107	269544	275210	283617	284623	285611	285967	291289	297812	297914	300365	302445	303420	311029	315058	316269	317370	321713	323826	326307	333346	334633	336115	348376	350190	351105	354879	356552	357034	357757	358107	360852	363412	366509	366691	367642	371490	372898	374773	375374	376886	381792	384707	386841	397202	400446	400823	401615	407566	409840	410605	418859	422289	425538	431210	437872	439577	446414	456757	463662	469419	469463	472011	472190	490624	490853	492227	494409	496127	501167	501544	516259	526811	527570	528346	529516	531024	540846	541918	543550	544242
9477	11501	17400	22905	45978	49986	54159	61025	66324	74491	82113	82276	91487	92098	96221	97983	106873	119952	120511	120721	122814	132521	133754	135693	140456	143750	148545	158056	165323	166089	169637	170619	177767	182173	184976	185964	195109	197935	209840	216658	216701	224110	224870	232429	232665	233122	242337	243136	249536	249819	257304	257520	257906	259847	262051	264490	265293	266865	269061	270337	270721	275325	276496	278127	280033	286485	298491	301869	313625	315789	322361	334761	340503	342923	347869	352727	356114	364400	367135	367905	376753	382057	382672	383714	387589	395015	398530	400686	402316	403457	414963	415603	426274	437413	438584	438812	442743	443480	446885	450302	466738	474034	481362	485236	492236	499005	501172	511033	511383	512515	515081	517108	520757	521803	522605	529014	533768	540572	541063	542594
17709	22383	22687	29420	30231	31816	51130	54426	54592	62052	68266	77207	89482	93050	95025	96570	99737	101887	110845	113814	120216	122110	138082	143298	144759	145667	145796	148667	148815	153667	154531	155547	170852	173982	174042	183335	190037	192753	205753	220940	237412	241881	242922	245861	250473	251270	255998	266875	267488	267589	276303	282030	291353	302934	303224	303820	323234	323681	323839	327230	332625	334702	334949	335207	343273	362794	385452	387927	388820	399472	406316	421055	430917	439926	447132	449271	470241	471504	478239	490663	491704	492019	493688	502220	502957	513584	514234	514938	518779	520043	522052	523122	524835	534183	543383	544881
13679	14299	30348	31488	32100	34250	34937	38822	40583	47550	64429	65296	66910	72727	78028	80013	83362	96479	97661	119495	122267	132670	139317	141005	162361	163486	164157	170387	177466	187476	199961	201708	209080	213786	241304	251391	279398	290337	292080	321742	360322	362275	371991	378689	396135	413248	415287	435810	443747	475188	478514	483396	483861	503446	510417	510530	521184	521217	530270	539784	544322
4464	7923	47375	50651	68214	72090	75316	85427	93106	99005	105321	117624	142439	145710	145912	167436	190377	193030	196138	197338	218139	222381	224414	226841	229447	237499	249165	262203	271676	296406	297160	309518	329897	335880	351614	353214	379369	387406	395631	399100	399426	403309	406877	422198	423205	430505	432062	446578	447126	454489	459882	467567	488489	490905	494068	499869	511456	522935	534791	537561
44696	80221	80563	94663	102383	113628	118792	135637	149946	169816	175456	191821	192404	193928	203312	232737	234154	236746	251381	256375	257513	262671	270973	275808	292003	293015	300191	317425	317590	323079	336113	341467	347180	352371	372978	441304	456390	477925	478411	482512	485589	495931	503337	510576	512529	514773	518097	534011	536881	543929
1015	2797	14896	15952	21659	21695	24397	31200	42346	47626	57116	61118	62867	67051	71036	72238	75245	80005	87626	96812	96824	96828	109243	115271	121462	121482	129002	129819	132671	140476	145089	158674	162709	163015	165128	166077	182587	188698	196566	198304	202609	203397	205505	210462	216625	231400	233838	240678	243863	254423	258501	260329	264309	266187	270593	278146	278725	282906	283440	303160	305716	315577	320287	320858	323371	323378	348877	350288	354251	370812	384795	389473	408836	411795	412353	417383	422063	429082	432569	436124	438003	438354	439622	441268	441874	445259	463702	466135	472962	480884	486888	497828	499649	501124	514442	514909	516992	519672	528717	534790	538222
2411	8922	9649	10064	10384	12604	13768	15289	17023	21628	22699	24451	29098	30597	31185	33563	35073	37375	40019	45782	46091	46279	46639	47912	50999	51078	54908	54949	58915	61963	62163	67407	67802	69201	72043	72662	75366	79662	84708	88071	88581	88664	92707	93401	95344	100344	101280	101974	104347	105539	109100	110416	110557	112689	120579	122021	124196	125825	127536	128438	134980	135843	141751	142595	144321	145542	146453	146527	147259	147912	148541	151824	152237	154141	155537	158577	160661	161912	163311	164140	164812	165040	168149	168719	169162	170940	171637	171677	178260	178529	180067	182543	183214	183432	186111	189182	190012	194712	196737	198471	199855	204136	205597	206591	207828	208097	210341	211919	217935	218533	223555	229451	232462	233761	239629	240213	240874	242887	243864	248217	248396	250213	250953	254038	256238	262114	264194	265316	269495	270651	272828	277503	277636	280180	281081	282228	282747	284186	284484	285643	286589	288779	288862	290088	291528	295118	295664	296790	298214	299682	301756	302476	305053	306531	308531	310707	312209	312723	315368	318944	322320	323558	324619	324936	326852	327139	328570	331170	331184	338475	339760	340570	340940	343602	346707	347666	347774	348664	350551	351020	351405	351827	352294	354111	357323	358887	360890	364755	368631	371620	372239	378495	378785	379439	380684	381294	383111	384688	389997	390146	390438	392518	392680	394879	396936	397827	398644	399006	399824	407014	407300	407401	408212	408890	410695	411849	412348	412976	415742	418521	419926	423591	424074	424948	427671	428277	428543	431076	434715	434917	435295	436894	437689	437941	440729	440865	441252	442025	444520	447487	450500	451582	453326	453375	453437	455309	455588	458888	460644	461141	463139	463500	466304	466832	471583	471620	472444	475566	478992	480619	482373	482982	482991	483647	484750	485254	486332	489239	490115	492555	494286	495195	501043	503909	504513	505613	505814	505914	507975	508516	512055	515526	516354	517559	518323	518791	518982	519271	520048	520574	521723	522219	523267	523525	524460	527680	527948	529057	529823	530304	530846	536296	539156	539353	539578	539948	540798	540836	543463	543565	543979	548482
448	2117	11915	13589	15922	28123	36802	40326	41015	44008	52713	55701	56684	56913	66017	70230	75762	75848	79419	79705	80796	81042	81790	86150	89918	95258	98343	104350	104366	106397	110425	111550	114138	121361	130042	131043	131874	135115	135409	146401	149579	152512	154146	154321	155025	155663	158327	162974	168181	170021	175213	179221	183231	189882	203546	206540	209915	216697	228082	254963	259788	260305	270024	271148	286536	301483	301682	310488	321910	325745	326481	327922	328951	333085	334420	334588	338300	338709	344483	347419	349627	354715	362528	366149	368498	375133	389791	389968	391539	392186	394515	396362	397448	397575	403346	403540	410087	413490	416018	416364	421373	427277	433792	449691	455467	463529	467401	471848	475036	477664	482169	485055	485524	488416	491851	498651	499716	504629	515094	519832	520877	524779	525658	529820	535908	544279	544416	546224	547506
17709	22383	22687	29420	30231	31816	51130	54426	54592	62052	68266	77207	89482	93050	95025	96570	99737	101887	110845	113814	120216	122110	138082	143298	144759	145667	145796	148667	148815	153667	154531	155547	170852	173982	174042	183335	190037	192753	205753	214971	220940	237412	241881	242922	245861	250473	251270	255998	266875	267488	267589	276303	282030	291353	302934	303224	303820	323234	323681	323839	327230	332625	334702	334949	335207	343273	356552	362794	385452	387927	388820	399472	406316	418859	421055	430917	439926	447132	449271	470241	471504	478239	490663	491704	492019	493688	502220	502957	513584	514234	514938	518779	520043	522052	523122	524835	526279	534183	543383	544881
3542	6050	14092	20068	34711	37532	38132	44312	44688	45762	49333	54865	57325	59197	59217	67627	131921	154864	155533	182834	186396	201209	202791	211693	224973	237080	241253	243277	256540	265901	266313	267766	294696	301633	327394	339120	343092	373337	382101	390087	394014	396290	413449	417568	421503	426513	441494	442103	443954	448951	471555	479931	489692	496695	504502	509123	509476	519862	520946	523360	533175	534674	538748	539412	547579
13679	14299	30348	31488	32100	34250	34937	38822	40583	47550	64429	65296	66910	72727	78028	80013	83362	96479	97661	119495	122267	132670	139317	141005	162361	163486	164157	170387	177466	187476	199961	201708	209080	213786	241304	251391	279398	290337	292080	297644	321742	360322	362275	371991	378689	396135	413248	415287	435810	443747	475188	478514	483396	483861	503446	510417	510530	521184	521217	530270	539784	544322
25624	33379	37456	39576	46990	53000	54882	82064	125538	146859	147000	156950	170690	173435	181843	188807	192900	211804	214059	225455	242803	243918	245507	260701	262116	265910	274940	280091	280651	287026	290875	291402	312743	315637	316854	326323	334559	350128	350547	353596	354809	357507	358478	361346	385932	413665	417432	431195	441045	461532	478532	479518	481729	482033	483021	508757	520878	544291	544374
8692	23486	41803	47961	85096	103262	103444	108702	116101	128002	145288	148592	150787	151088	154776	163339	164111	165032	174682	178800	190629	194740	203458	213196	222987	236168	251371	257678	260179	266243	277846	294220	306761	313315	318984	362442	365635	367031	377735	410900	413457	450376	472231	488765	503069	506685	518817	519367	520715	523261	524390	536093	540171	544840
2625	5338	6971	8926	10997	14567	15554	19877	21532	27137	29201	38476	40318	42819	42921	45769	47559	48359	52895	60779	63483	71292	73966	79227	83252	85570	88867	92920	98354	99335	105394	107930	119275	121262	123533	126713	129562	130619	147760	147977	150430	153173	157915	162584	164151	168608	173221	180642	183951	184010	184528	184707	185630	186253	188991	191745	193587	198073	198181	213689	217000	220148	223185	244947	245970	246810	248193	248492	254441	258433	265286	265474	271345	272733	281663	293867	296660	302081	315743	316031	319052	324898	327740	332123	343067	343898	344237	351358	355265	356693	362223	371893	376352	377393	385756	392256	394033	395771	405648	412972	419830	423124	423708	425261	428970	431758	433145	433665	434007	439553	444736	454538	465101	465985	467711	471591	474184	476031	491586	492176	492399	493039	493381	497880	497950	504364	505559	509523	512705	522223	525304	526588	531007	533484	533970	534192	535723	537524	541359	544391
22388	31673	32813	32818	32819	32821	32871	32873	32875	32877	32879	32880	53520	62523	69451	102350	126868	137761	137763	137766	140298	152486	160909	168637	173935	183395	183412	187316	189279	200549	214959	216445	216449	228695	239050	240517	265358	278141	285376	286168	290811	295252	320928	334071	345620	351527	359912	363352	379065	379180	436108	465069	470095	470598	470599	488157	525393	525406	525422	534744	541545
4146	25701	33803	35571	42149	49035	51773	51935	53222	63874	78553	83969	102775	108580	133152	158023	178686	195538	201227	214149	248037	251852	251959	265445	271813	272524	276246	301600	304321	306793	331207	337486	403381	407774	421033	435365	444942	451183	462832	468261	468948	478839	483679	487055	493743	499925	503771	504740	520679	525716	537153
3120	9869	14992	28461	29384	36530	52665	57685	64539	65985	70232	71521	77320	78849	80905	81392	82128	82823	91983	95698	97420	101939	104504	104997	107230	110936	112768	115598	120326	123297	135519	137392	146209	149432	150038	153172	160330	161157	178391	189398	189580	190266	196453	203600	218429	219484	219936	224125	226912	236382	242549	246768	253751	254204	260060	265320	266147	269579	271766	276086	276847	281118	281961	284788	289784	290158	290813	300171	319065	321216	329132	330541	335032	341761	343112	343933	354348	354600	362551	375181	376939	377304	387465	394976	399137	412077	412242	419169	424159	434120	436450	438465	442647	447700	449008	450608	455158	457320	460256	468540	471688	481242	483042	498016	504277	504831	518606	519342	525219	525485	527391	528926	538992	541722
278	2486	4328	12959	14686	18041	19509	19999	21786	29354	29586	30093	30398	30688	30690	30962	33251	33710	35067	35308	38671	42473	43379	45362	45561	46508	49424	51157	51902	52500	52511	52785	59285	59532	59613	59759	59912	60211	60627	64879	67016	67572	70522	71187	74895	75780	77701	79870	80379	80756	83510	83906	84285	84693	84839	85524	85871	92472	93356	95427	96125	98081	98199	99026	104481	104553	108259	108892	109222	110453	111376	112056	115533	116096	119359	119854	120615	120699	122517	123159	123681	123953	124992	127199	127262	127821	127928	137050	138024	141618	141635	142115	145797	149809	150207	151849	152407	153979	154202	154509	161737	166549	166566	168941	172218	176159	176184	179698	181025	181492	182201	182435	182923	185822	186022	186386	186575	186827	187924	190765	191775	193240	196008	197919	198973	199759	202986	203272	204126	204966	205676	205838	208714	209480	211967	216422	217346	217871	219603	221281	222414	225233	226541	229209	230262	230788	231620	236947	242933	244578	246180	250046	252125	252719	256445	258382	261562	263093	263317	265066	268123	271643	272735	272957	273209	273775	275237	275861	276567	277024	277617	277713	279830	280255	285549	285669	287524	287582	289953	293587	294393	294679	295177	295752	296069	296111	298254	298507	299055	299611	300975	301761	304727	306636	309411	310236	310851	313006	313307	314250	314719	317146	317367	318212	318538	321619	325052	326093	326211	326849	326874	329078	330328	334788	335183	336905	340331	345901	346322	350442	353264	361524	363079	365309	365354	366654	370416	370979	371029	373756	373799	374874	377247	379102	380338	383087	383731	384330	385399	390680	392463	393031	394703	394886	396502	399572	401268	401449	401798	402379	403034	404948	409356	412163	414657	416162	417198	417521	418177	419862	423198	423306	423864	426835	427507	428737	428993	429708	430314	432229	433190	434830	435398	440745	440989	443332	446298	447224	447892	448214	448649	449985	451488	451931	452208	458993	460073	462210	470004	470620	471336	473001	475666	476448	478676	482584	482986	484561	485080	489905	491667	495476	496201	497867	500473	502212	503684	504199	504412	504784	511278	511689	512729	518306	519686	521655	522378	523046	527792	530647	535477	535762	536482	539292	541122	541690	542633	543516
